(0.0, 0.5)
(0.001, 0.5004999999166667)
(0.002, 0.5009999993333335)
(0.003, 0.501499997750001)
(0.004, 0.5019999946666709)
(0.005, 0.5024999895833464)
(0.006, 0.5029999820000324)
(0.007, 0.5034999714167367)
(0.008, 0.5039999573334699)
(0.009, 0.504499939250246)
(0.01, 0.5049999166670833)
(0.011, 0.5054998890840043)
(0.012, 0.5059998560010368)
(0.013, 0.5064998169182137)
(0.014, 0.5069997713355743)
(0.015, 0.507499718753164)
(0.016, 0.5079996586710357)
(0.017, 0.5084995905892493)
(0.018, 0.5089995140078731)
(0.019, 0.5094994284269837)
(0.02, 0.5099993333466666)
(0.021, 0.5104992282670169)
(0.022, 0.5109991126881399)
(0.023, 0.5114989861101511)
(0.024, 0.5119988480331772)
(0.025, 0.5124986979573561)
(0.026, 0.5129985353828382)
(0.027, 0.5134983598097861)
(0.028, 0.5139981707383752)
(0.029, 0.5144979676687947)
(0.03, 0.5149977501012478)
(0.031, 0.5154975175359521)
(0.032, 0.5159972694731401)
(0.033, 0.5164970054130599)
(0.034, 0.5169967248559757)
(0.035, 0.517496427302168)
(0.036, 0.5179961122519346)
(0.037, 0.5184957792055904)
(0.038, 0.5189954276634685)
(0.039, 0.5194950571259206)
(0.04, 0.5199946670933171)
(0.041, 0.5204942570660482)
(0.042, 0.520993826544524)
(0.043, 0.5214933750291749)
(0.044, 0.5219929020204526)
(0.045, 0.5224924070188302)
(0.046, 0.5229918895248025)
(0.047, 0.5234913490388873)
(0.048, 0.523990785061625)
(0.049, 0.5244901970935796)
(0.05, 0.5249895846353392)
(0.051, 0.5254889471875162)
(0.052, 0.5259882842507482)
(0.053, 0.526487595325698)
(0.054, 0.5269868799130548)
(0.055, 0.5274861375135339)
(0.056, 0.5279853676278777)
(0.057, 0.5284845697568563)
(0.058, 0.5289837434012675)
(0.059, 0.5294828880619377)
(0.06, 0.5299820032397223)
(0.061, 0.5304810884355061)
(0.062, 0.5309801431502041)
(0.063, 0.5314791668847615)
(0.064, 0.5319781591401547)
(0.065, 0.5324771194173913)
(0.066, 0.5329760472175112)
(0.067, 0.5334749420415867)
(0.068, 0.533973803390723)
(0.069, 0.5344726307660587)
(0.07, 0.5349714236687664)
(0.071, 0.5354701816000534)
(0.072, 0.5359689040611617)
(0.073, 0.5364675905533691)
(0.074, 0.5369662405779889)
(0.075, 0.5374648536363712)
(0.076, 0.5379634292299029)
(0.077, 0.5384619668600087)
(0.078, 0.5389604660281507)
(0.079, 0.53945892623583)
(0.08, 0.5399573469845863)
(0.081, 0.540455727775999)
(0.082, 0.5409540681116873)
(0.083, 0.5414523674933108)
(0.084, 0.5419506254225704)
(0.085, 0.542448841401208)
(0.086, 0.5429470149310077)
(0.087, 0.5434451455137962)
(0.088, 0.5439432326514426)
(0.089, 0.5444412758458601)
(0.09, 0.5449392745990055)
(0.091, 0.54543722841288)
(0.092, 0.5459351367895299)
(0.093, 0.5464329992310468)
(0.094, 0.5469308152395684)
(0.095, 0.5474285843172787)
(0.096, 0.5479263059664086)
(0.097, 0.5484239796892364)
(0.098, 0.5489216049880886)
(0.099, 0.54941918136534)
(0.1, 0.5499167083234141)
(0.101, 0.550414185364784)
(0.102, 0.5509116119919728)
(0.103, 0.5514089877075538)
(0.104, 0.5519063120141513)
(0.105, 0.5524035844144413)
(0.106, 0.5529008044111511)
(0.107, 0.5533979715070609)
(0.108, 0.5538950852050037)
(0.109, 0.5543921450078658)
(0.11, 0.5548891504185874)
(0.111, 0.5553861009401632)
(0.112, 0.5558829960756426)
(0.113, 0.5563798353281306)
(0.114, 0.556876618200788)
(0.115, 0.5573733441968319)
(0.116, 0.5578700128195364)
(0.117, 0.5583666235722329)
(0.118, 0.5588631759583107)
(0.119, 0.5593596694812175)
(0.12, 0.5598561036444597)
(0.121, 0.5603524779516033)
(0.122, 0.5608487919062739)
(0.123, 0.5613450450121577)
(0.124, 0.5618412367730016)
(0.125, 0.5623373666926138)
(0.126, 0.5628334342748647)
(0.127, 0.5633294390236864)
(0.128, 0.5638253804430744)
(0.129, 0.5643212580370872)
(0.13, 0.5648170713098475)
(0.131, 0.5653128197655417)
(0.132, 0.5658085029084217)
(0.133, 0.5663041202428042)
(0.134, 0.5667996712730721)
(0.135, 0.5672951555036742)
(0.136, 0.5677905724391263)
(0.137, 0.5682859215840118)
(0.138, 0.5687812024429814)
(0.139, 0.5692764145207542)
(0.14, 0.5697715573221183)
(0.141, 0.5702666303519308)
(0.142, 0.5707616331151188)
(0.143, 0.5712565651166798)
(0.144, 0.5717514258616814)
(0.145, 0.5722462148552632)
(0.146, 0.5727409316026362)
(0.147, 0.5732355756090836)
(0.148, 0.5737301463799614)
(0.149, 0.5742246434206991)
(0.15, 0.5747190662367996)
(0.151, 0.5752134143338401)
(0.152, 0.5757076872174725)
(0.153, 0.5762018843934239)
(0.154, 0.5766960053674972)
(0.155, 0.5771900496455717)
(0.156, 0.5776840167336029)
(0.157, 0.5781779061376239)
(0.158, 0.5786717173637452)
(0.159, 0.5791654499181558)
(0.16, 0.579659103307123)
(0.161, 0.5801526770369936)
(0.162, 0.5806461706141937)
(0.163, 0.58113958354523)
(0.164, 0.5816329153366895)
(0.165, 0.5821261654952405)
(0.166, 0.5826193335276328)
(0.167, 0.5831124189406984)
(0.168, 0.5836054212413522)
(0.169, 0.5840983399365915)
(0.17, 0.584591174533498)
(0.171, 0.585083924539237)
(0.172, 0.5855765894610585)
(0.173, 0.5860691688062977)
(0.174, 0.5865616620823753)
(0.175, 0.587054068796798)
(0.176, 0.5875463884571591)
(0.177, 0.5880386205711391)
(0.178, 0.5885307646465059)
(0.179, 0.5890228201911154)
(0.18, 0.5895147867129121)
(0.181, 0.5900066637199295)
(0.182, 0.5904984507202908)
(0.183, 0.5909901472222089)
(0.184, 0.5914817527339873)
(0.185, 0.5919732667640206)
(0.186, 0.5924646888207948)
(0.187, 0.5929560184128879)
(0.188, 0.5934472550489703)
(0.189, 0.5939383982378055)
(0.19, 0.5944294474882503)
(0.191, 0.5949204023092555)
(0.192, 0.5954112622098662)
(0.193, 0.5959020266992227)
(0.194, 0.5963926952865605)
(0.195, 0.596883267481211)
(0.196, 0.597373742792602)
(0.197, 0.5978641207302585)
(0.198, 0.5983544008038024)
(0.199, 0.5988445825229536)
(0.2, 0.5993346653975307)
(0.201, 0.5998246489374505)
(0.202, 0.6003145326527297)
(0.203, 0.6008043160534846)
(0.204, 0.6012939986499319)
(0.205, 0.601783579952389)
(0.206, 0.6022730594712746)
(0.207, 0.6027624367171093)
(0.208, 0.6032517112005158)
(0.209, 0.6037408824322197)
(0.21, 0.6042299499230498)
(0.211, 0.6047189131839387)
(0.212, 0.6052077717259231)
(0.213, 0.6056965250601446)
(0.214, 0.6061851726978498)
(0.215, 0.6066737141503912)
(0.216, 0.6071621489292273)
(0.217, 0.6076504765459234)
(0.218, 0.6081386965121519)
(0.219, 0.608626808339693)
(0.22, 0.6091148115404347)
(0.221, 0.609602705626374)
(0.222, 0.6100904901096168)
(0.223, 0.6105781645023787)
(0.224, 0.6110657283169852)
(0.225, 0.6115531810658728)
(0.226, 0.6120405222615884)
(0.227, 0.6125277514167913)
(0.228, 0.6130148680442521)
(0.229, 0.6135018716568542)
(0.23, 0.6139887617675942)
(0.231, 0.6144755378895819)
(0.232, 0.6149621995360413)
(0.233, 0.6154487462203106)
(0.234, 0.6159351774558434)
(0.235, 0.6164214927562084)
(0.236, 0.6169076916350903)
(0.237, 0.6173937736062903)
(0.238, 0.6178797381837265)
(0.239, 0.6183655848814344)
(0.24, 0.6188513132135673)
(0.241, 0.6193369226943968)
(0.242, 0.6198224128383136)
(0.243, 0.6203077831598276)
(0.244, 0.6207930331735684)
(0.245, 0.621278162394286)
(0.246, 0.6217631703368515)
(0.247, 0.6222480565162567)
(0.248, 0.6227328204476155)
(0.249, 0.6232174616461642)
(0.25, 0.6237019796272615)
(0.251, 0.6241863739063894)
(0.252, 0.6246706439991538)
(0.253, 0.6251547894212847)
(0.254, 0.6256388096886365)
(0.255, 0.6261227043171891)
(0.256, 0.6266064728230478)
(0.257, 0.6270901147224444)
(0.258, 0.6275736295317367)
(0.259, 0.6280570167674102)
(0.26, 0.6285402759460775)
(0.261, 0.6290234065844797)
(0.262, 0.629506408199486)
(0.263, 0.6299892803080949)
(0.264, 0.6304720224274344)
(0.265, 0.6309546340747623)
(0.266, 0.6314371147674669)
(0.267, 0.6319194640230679)
(0.268, 0.6324016813592157)
(0.269, 0.6328837662936933)
(0.27, 0.6333657183444156)
(0.271, 0.6338475370294306)
(0.272, 0.6343292218669199)
(0.273, 0.6348107723751985)
(0.274, 0.6352921880727158)
(0.275, 0.6357734684780565)
(0.276, 0.6362546131099399)
(0.277, 0.6367356214872215)
(0.278, 0.6372164931288932)
(0.279, 0.6376972275540831)
(0.28, 0.6381778242820568)
(0.281, 0.6386582828322179)
(0.282, 0.6391386027241077)
(0.283, 0.6396187834774063)
(0.284, 0.6400988246119331)
(0.285, 0.640578725647647)
(0.286, 0.6410584861046469)
(0.287, 0.6415381055031726)
(0.288, 0.6420175833636044)
(0.289, 0.6424969192064647)
(0.29, 0.6429761125524178)
(0.291, 0.6434551629222701)
(0.292, 0.6439340698369715)
(0.293, 0.6444128328176151)
(0.294, 0.6448914513854379)
(0.295, 0.6453699250618213)
(0.296, 0.6458482533682919)
(0.297, 0.6463264358265213)
(0.298, 0.6468044719583269)
(0.299, 0.6472823612856728)
(0.3, 0.6477601033306698)
(0.301, 0.6482376976155757)
(0.302, 0.6487151436627964)
(0.303, 0.6491924409948857)
(0.304, 0.6496695891345465)
(0.305, 0.6501465876046307)
(0.306, 0.6506234359281399)
(0.307, 0.6511001336282255)
(0.308, 0.6515766802281902)
(0.309, 0.6520530752514873)
(0.31, 0.6525293182217218)
(0.311, 0.6530054086626507)
(0.312, 0.6534813460981838)
(0.313, 0.6539571300523835)
(0.314, 0.654432760049466)
(0.315, 0.6549082356138014)
(0.316, 0.6553835562699141)
(0.317, 0.6558587215424834)
(0.318, 0.6563337309563442)
(0.319, 0.656808584036487)
(0.32, 0.6572832803080588)
(0.321, 0.6577578192963636)
(0.322, 0.658232200526862)
(0.323, 0.6587064235251733)
(0.324, 0.6591804878170742)
(0.325, 0.6596543929285005)
(0.326, 0.6601281383855472)
(0.327, 0.6606017237144688)
(0.328, 0.6610751484416801)
(0.329, 0.6615484120937565)
(0.33, 0.6620215141974342)
(0.331, 0.6624944542796112)
(0.332, 0.6629672318673474)
(0.333, 0.6634398464878654)
(0.334, 0.6639122976685505)
(0.335, 0.6643845849369516)
(0.336, 0.6648567078207814)
(0.337, 0.6653286658479172)
(0.338, 0.6658004585464009)
(0.339, 0.6662720854444398)
(0.34, 0.6667435460704072)
(0.341, 0.6672148399528424)
(0.342, 0.6676859666204515)
(0.343, 0.6681569256021082)
(0.344, 0.668627716426853)
(0.345, 0.6690983386238956)
(0.346, 0.6695687917226136)
(0.347, 0.6700390752525541)
(0.348, 0.6705091887434335)
(0.349, 0.6709791317251383)
(0.35, 0.6714489037277257)
(0.351, 0.6719185042814235)
(0.352, 0.6723879329166316)
(0.353, 0.672857189163921)
(0.354, 0.6733262725540357)
(0.355, 0.6737951826178922)
(0.356, 0.6742639188865805)
(0.357, 0.6747324808913646)
(0.358, 0.6752008681636823)
(0.359, 0.6756690802351464)
(0.36, 0.6761371166375449)
(0.361, 0.6766049769028416)
(0.362, 0.6770726605631759)
(0.363, 0.6775401671508645)
(0.364, 0.6780074961984008)
(0.365, 0.6784746472384557)
(0.366, 0.6789416198038782)
(0.367, 0.6794084134276959)
(0.368, 0.6798750276431149)
(0.369, 0.6803414619835215)
(0.37, 0.680807715982481)
(0.371, 0.6812737891737396)
(0.372, 0.6817396810912242)
(0.373, 0.6822053912690428)
(0.374, 0.6826709192414853)
(0.375, 0.6831362645430238)
(0.376, 0.683601426708313)
(0.377, 0.6840664052721908)
(0.378, 0.6845311997696787)
(0.379, 0.6849958097359822)
(0.38, 0.6854602347064913)
(0.381, 0.6859244742167813)
(0.382, 0.6863885278026125)
(0.383, 0.6868523949999313)
(0.384, 0.6873160753448708)
(0.385, 0.6877795683737506)
(0.386, 0.6882428736230777)
(0.387, 0.6887059906295467)
(0.388, 0.689168918930041)
(0.389, 0.689631658061632)
(0.39, 0.6900942075615807)
(0.391, 0.6905565669673378)
(0.392, 0.6910187358165437)
(0.393, 0.6914807136470298)
(0.394, 0.6919424999968181)
(0.395, 0.6924040944041225)
(0.396, 0.6928654964073485)
(0.397, 0.6933267055450942)
(0.398, 0.6937877213561504)
(0.399, 0.6942485433795014)
(0.4, 0.6947091711543253)
(0.401, 0.6951696042199942)
(0.402, 0.6956298421160751)
(0.403, 0.6960898843823302)
(0.404, 0.6965497305587174)
(0.405, 0.6970093801853903)
(0.406, 0.6974688328026993)
(0.407, 0.6979280879511921)
(0.408, 0.6983871451716135)
(0.409, 0.6988460040049062)
(0.41, 0.6993046639922115)
(0.411, 0.6997631246748693)
(0.412, 0.7002213855944192)
(0.413, 0.7006794462926001)
(0.414, 0.7011373063113515)
(0.415, 0.7015949651928133)
(0.416, 0.7020524224793268)
(0.417, 0.7025096777134345)
(0.418, 0.7029667304378815)
(0.419, 0.7034235801956149)
(0.42, 0.7038802265297851)
(0.421, 0.7043366689837457)
(0.422, 0.7047929071010544)
(0.423, 0.705248940425473)
(0.424, 0.7057047685009684)
(0.425, 0.7061603908717123)
(0.426, 0.7066158070820827)
(0.427, 0.7070710166766631)
(0.428, 0.707526019200244)
(0.429, 0.7079808141978232)
(0.43, 0.7084354012146054)
(0.431, 0.7088897797960038)
(0.432, 0.7093439494876397)
(0.433, 0.7097979098353437)
(0.434, 0.7102516603851553)
(0.435, 0.710705200683324)
(0.436, 0.7111585302763096)
(0.437, 0.7116116487107825)
(0.438, 0.7120645555336245)
(0.439, 0.7125172502919284)
(0.44, 0.7129697325329998)
(0.441, 0.7134220018043564)
(0.442, 0.713874057653729)
(0.443, 0.7143258996290618)
(0.444, 0.7147775272785128)
(0.445, 0.7152289401504545)
(0.446, 0.7156801377934738)
(0.447, 0.7161311197563734)
(0.448, 0.7165818855881713)
(0.449, 0.7170324348381015)
(0.45, 0.7174827670556151)
(0.451, 0.7179328817903797)
(0.452, 0.7183827785922807)
(0.453, 0.7188324570114213)
(0.454, 0.7192819165981231)
(0.455, 0.7197311569029267)
(0.456, 0.7201801774765915)
(0.457, 0.7206289778700973)
(0.458, 0.7210775576346435)
(0.459, 0.7215259163216506)
(0.46, 0.7219740534827599)
(0.461, 0.7224219686698341)
(0.462, 0.7228696614349582)
(0.463, 0.7233171313304394)
(0.464, 0.723764377908808)
(0.465, 0.7242114007228172)
(0.466, 0.7246581993254444)
(0.467, 0.7251047732698911)
(0.468, 0.7255511221095832)
(0.469, 0.7259972453981719)
(0.47, 0.7264431426895341)
(0.471, 0.7268888135377726)
(0.472, 0.7273342574972164)
(0.473, 0.7277794741224215)
(0.474, 0.7282244629681716)
(0.475, 0.7286692235894777)
(0.476, 0.7291137555415793)
(0.477, 0.7295580583799445)
(0.478, 0.7300021316602704)
(0.479, 0.7304459749384837)
(0.48, 0.7308895877707414)
(0.481, 0.7313329697134305)
(0.482, 0.7317761203231693)
(0.483, 0.732219039156807)
(0.484, 0.7326617257714249)
(0.485, 0.7331041797243364)
(0.486, 0.7335464005730876)
(0.487, 0.7339883878754576)
(0.488, 0.7344301411894594)
(0.489, 0.7348716600733395)
(0.49, 0.735312944085579)
(0.491, 0.7357539927848942)
(0.492, 0.7361948057302361)
(0.493, 0.736635382480792)
(0.494, 0.7370757225959851)
(0.495, 0.7375158256354755)
(0.496, 0.7379556911591598)
(0.497, 0.738395318727173)
(0.498, 0.7388347078998873)
(0.499, 0.7392738582379135)
(0.5, 0.7397127693021015)
(0.501, 0.7401514406535401)
(0.502, 0.7405898718535582)
(0.503, 0.7410280624637243)
(0.504, 0.7414660120458482)
(0.505, 0.74190372016198)
(0.506, 0.742341186374412)
(0.507, 0.7427784102456777)
(0.508, 0.7432153913385534)
(0.509, 0.743652129216058)
(0.51, 0.7440886234414538)
(0.511, 0.7445248735782464)
(0.512, 0.7449608791901858)
(0.513, 0.7453966398412665)
(0.514, 0.7458321550957276)
(0.515, 0.7462674245180543)
(0.516, 0.746702447672977)
(0.517, 0.7471372241254726)
(0.518, 0.7475717534407645)
(0.519, 0.7480060351843236)
(0.52, 0.7484400689218684)
(0.521, 0.7488738542193648)
(0.522, 0.7493073906430278)
(0.523, 0.749740677759321)
(0.524, 0.750173715134957)
(0.525, 0.750606502336899)
(0.526, 0.7510390389323593)
(0.527, 0.7514713244888018)
(0.528, 0.7519033585739406)
(0.529, 0.7523351407557419)
(0.53, 0.7527666706024234)
(0.531, 0.7531979476824555)
(0.532, 0.753628971564561)
(0.533, 0.754059741817716)
(0.534, 0.7544902580111503)
(0.535, 0.7549205197143479)
(0.536, 0.755350526497047)
(0.537, 0.7557802779292409)
(0.538, 0.7562097735811781)
(0.539, 0.7566390130233631)
(0.54, 0.7570679958265566)
(0.541, 0.7574967215617756)
(0.542, 0.7579251898002944)
(0.543, 0.758353400113645)
(0.544, 0.7587813520736171)
(0.545, 0.7592090452522585)
(0.546, 0.7596364792218764)
(0.547, 0.7600636535550366)
(0.548, 0.760490567824565)
(0.549, 0.7609172216035471)
(0.55, 0.7613436144653296)
(0.551, 0.7617697459835193)
(0.552, 0.7621956157319849)
(0.553, 0.7626212232848565)
(0.554, 0.7630465682165267)
(0.555, 0.7634716501016507)
(0.556, 0.7638964685151466)
(0.557, 0.7643210230321957)
(0.558, 0.764745313228244)
(0.559, 0.7651693386790012)
(0.56, 0.7655930989604417)
(0.561, 0.7660165936488055)
(0.562, 0.7664398223205977)
(0.563, 0.7668627845525897)
(0.564, 0.7672854799218195)
(0.565, 0.7677079080055916)
(0.566, 0.7681300683814781)
(0.567, 0.7685519606273186)
(0.568, 0.7689735843212206)
(0.569, 0.7693949390415609)
(0.57, 0.7698160243669846)
(0.571, 0.7702368398764063)
(0.572, 0.7706573851490108)
(0.573, 0.7710776597642526)
(0.574, 0.7714976633018573)
(0.575, 0.7719173953418212)
(0.576, 0.7723368554644126)
(0.577, 0.7727560432501711)
(0.578, 0.7731749582799091)
(0.579, 0.7735936001347117)
(0.58, 0.7740119683959368)
(0.581, 0.7744300626452163)
(0.582, 0.7748478824644562)
(0.583, 0.7752654274358364)
(0.584, 0.7756826971418123)
(0.585, 0.7760996911651138)
(0.586, 0.7765164090887473)
(0.587, 0.7769328504959947)
(0.588, 0.7773490149704145)
(0.589, 0.7777649020958427)
(0.59, 0.7781805114563919)
(0.591, 0.7785958426364528)
(0.592, 0.7790108952206942)
(0.593, 0.7794256687940637)
(0.594, 0.7798401629417877)
(0.595, 0.7802543772493721)
(0.596, 0.7806683113026025)
(0.597, 0.7810819646875451)
(0.598, 0.7814953369905464)
(0.599, 0.7819084277982342)
(0.6, 0.7823212366975176)
(0.601, 0.782733763275588)
(0.602, 0.7831460071199186)
(0.603, 0.7835579678182656)
(0.604, 0.7839696449586684)
(0.605, 0.78438103812945)
(0.606, 0.7847921469192172)
(0.607, 0.7852029709168611)
(0.608, 0.785613509711558)
(0.609, 0.7860237628927688)
(0.61, 0.7864337300502406)
(0.611, 0.7868434107740063)
(0.612, 0.7872528046543851)
(0.613, 0.7876619112819832)
(0.614, 0.7880707302476939)
(0.615, 0.7884792611426984)
(0.616, 0.7888875035584658)
(0.617, 0.7892954570867537)
(0.618, 0.7897031213196086)
(0.619, 0.7901104958493664)
(0.62, 0.7905175802686526)
(0.621, 0.7909243741703826)
(0.622, 0.7913308771477627)
(0.623, 0.79173708879429)
(0.624, 0.7921430087037526)
(0.625, 0.7925486364702311)
(0.626, 0.7929539716880973)
(0.627, 0.7933590139520164)
(0.628, 0.7937637628569459)
(0.629, 0.7941682179981371)
(0.63, 0.7945723789711348)
(0.631, 0.794976245371778)
(0.632, 0.7953798167962005)
(0.633, 0.7957830928408307)
(0.634, 0.7961860731023929)
(0.635, 0.7965887571779064)
(0.636, 0.7969911446646877)
(0.637, 0.797393235160349)
(0.638, 0.7977950282627999)
(0.639, 0.7981965235702473)
(0.64, 0.798597720681196)
(0.641, 0.7989986191944489)
(0.642, 0.7993992187091077)
(0.643, 0.7997995188245726)
(0.644, 0.8001995191405435)
(0.645, 0.8005992192570206)
(0.646, 0.8009986187743032)
(0.647, 0.8013977172929923)
(0.648, 0.8017965144139891)
(0.649, 0.8021950097384968)
(0.65, 0.8025932028680198)
(0.651, 0.8029910934043651)
(0.652, 0.8033886809496424)
(0.653, 0.803785965106264)
(0.654, 0.8041829454769458)
(0.655, 0.8045796216647074)
(0.656, 0.8049759932728728)
(0.657, 0.8053720599050702)
(0.658, 0.8057678211652333)
(0.659, 0.8061632766576007)
(0.66, 0.8065584259867169)
(0.661, 0.8069532687574327)
(0.662, 0.8073478045749053)
(0.663, 0.8077420330445989)
(0.664, 0.8081359537722852)
(0.665, 0.8085295663640433)
(0.666, 0.8089228704262608)
(0.667, 0.8093158655656336)
(0.668, 0.8097085513891666)
(0.669, 0.8101009275041741)
(0.67, 0.8104929935182799)
(0.671, 0.810884749039418)
(0.672, 0.811276193675833)
(0.673, 0.8116673270360802)
(0.674, 0.8120581487290265)
(0.675, 0.8124486583638499)
(0.676, 0.8128388555500411)
(0.677, 0.8132287398974027)
(0.678, 0.8136183110160506)
(0.679, 0.8140075685164136)
(0.68, 0.8143965120092342)
(0.681, 0.8147851411055691)
(0.682, 0.8151734554167891)
(0.683, 0.81556145455458)
(0.684, 0.8159491381309425)
(0.685, 0.8163365057581932)
(0.686, 0.8167235570489646)
(0.687, 0.8171102916162052)
(0.688, 0.8174967090731807)
(0.689, 0.8178828090334735)
(0.69, 0.8182685911109839)
(0.691, 0.8186540549199297)
(0.692, 0.8190392000748471)
(0.693, 0.819424026190591)
(0.694, 0.8198085328823354)
(0.695, 0.8201927197655734)
(0.696, 0.8205765864561185)
(0.697, 0.8209601325701037)
(0.698, 0.8213433577239833)
(0.699, 0.8217262615345318)
(0.7, 0.8221088436188455)
(0.701, 0.8224911035943425)
(0.702, 0.8228730410787628)
(0.703, 0.823254655690169)
(0.704, 0.8236359470469463)
(0.705, 0.8240169147678036)
(0.706, 0.8243975584717731)
(0.707, 0.8247778777782112)
(0.708, 0.8251578723067985)
(0.709, 0.8255375416775408)
(0.71, 0.8259168855107684)
(0.711, 0.8262959034271375)
(0.712, 0.8266745950476306)
(0.713, 0.8270529599935559)
(0.714, 0.8274309978865483)
(0.715, 0.8278087083485701)
(0.716, 0.828186091001911)
(0.717, 0.8285631454691882)
(0.718, 0.8289398713733472)
(0.719, 0.8293162683376624)
(0.72, 0.8296923359857366)
(0.721, 0.8300680739415023)
(0.722, 0.8304434818292216)
(0.723, 0.8308185592734866)
(0.724, 0.8311933058992198)
(0.725, 0.8315677213316748)
(0.726, 0.8319418051964361)
(0.727, 0.8323155571194198)
(0.728, 0.8326889767268741)
(0.729, 0.8330620636453795)
(0.73, 0.8334348175018489)
(0.731, 0.8338072379235286)
(0.732, 0.8341793245379983)
(0.733, 0.8345510769731712)
(0.734, 0.834922494857295)
(0.735, 0.8352935778189519)
(0.736, 0.8356643254870588)
(0.737, 0.8360347374908683)
(0.738, 0.8364048134599684)
(0.739, 0.8367745530242829)
(0.74, 0.8371439558140725)
(0.741, 0.8375130214599344)
(0.742, 0.837881749592803)
(0.743, 0.8382501398439501)
(0.744, 0.8386181918449855)
(0.745, 0.8389859052278574)
(0.746, 0.8393532796248523)
(0.747, 0.8397203146685958)
(0.748, 0.840087009992053)
(0.749, 0.8404533652285284)
(0.75, 0.8408193800116671)
(0.751, 0.8411850539754542)
(0.752, 0.8415503867542156)
(0.753, 0.8419153779826188)
(0.754, 0.8422800272956725)
(0.755, 0.8426443343287275)
(0.756, 0.8430082987174766)
(0.757, 0.8433719200979557)
(0.758, 0.8437351981065432)
(0.759, 0.8440981323799612)
(0.76, 0.8444607225552756)
(0.761, 0.8448229682698962)
(0.762, 0.8451848691615772)
(0.763, 0.8455464248684178)
(0.764, 0.8459076350288623)
(0.765, 0.8462684992817007)
(0.766, 0.8466290172660685)
(0.767, 0.846989188621448)
(0.768, 0.8473490129876678)
(0.769, 0.8477084900049037)
(0.77, 0.8480676193136784)
(0.771, 0.8484264005548627)
(0.772, 0.8487848333696757)
(0.773, 0.8491429173996843)
(0.774, 0.8495006522868047)
(0.775, 0.8498580376733018)
(0.776, 0.8502150732017904)
(0.777, 0.850571758515235)
(0.778, 0.8509280932569503)
(0.779, 0.8512840770706016)
(0.78, 0.8516397096002051)
(0.781, 0.8519949904901283)
(0.782, 0.8523499193850903)
(0.783, 0.8527044959301624)
(0.784, 0.8530587197707679)
(0.785, 0.853412590552683)
(0.786, 0.853766107922037)
(0.787, 0.8541192715253125)
(0.788, 0.8544720810093461)
(0.789, 0.8548245360213282)
(0.79, 0.8551766362088039)
(0.791, 0.855528381219673)
(0.792, 0.8558797707021903)
(0.793, 0.8562308043049668)
(0.794, 0.8565814816769686)
(0.795, 0.8569318024675183)
(0.796, 0.8572817663262955)
(0.797, 0.857631372903336)
(0.798, 0.8579806218490335)
(0.799, 0.8583295128141389)
(0.8, 0.8586780454497613)
(0.801, 0.8590262194073683)
(0.802, 0.8593740343387857)
(0.803, 0.8597214898961988)
(0.804, 0.8600685857321518)
(0.805, 0.8604153214995492)
(0.806, 0.8607616968516552)
(0.807, 0.8611077114420943)
(0.808, 0.8614533649248521)
(0.809, 0.861798656954275)
(0.81, 0.8621435871850712)
(0.811, 0.8624881552723105)
(0.812, 0.8628323608714246)
(0.813, 0.863176203638208)
(0.814, 0.8635196832288181)
(0.815, 0.8638627992997752)
(0.816, 0.8642055515079634)
(0.817, 0.8645479395106305)
(0.818, 0.8648899629653883)
(0.819, 0.8652316215302136)
(0.82, 0.8655729148634479)
(0.821, 0.8659138426237978)
(0.822, 0.8662544044703354)
(0.823, 0.8665946000624992)
(0.824, 0.8669344290600934)
(0.825, 0.8672738911232892)
(0.826, 0.8676129859126245)
(0.827, 0.8679517130890044)
(0.828, 0.868290072313702)
(0.829, 0.868628063248358)
(0.83, 0.8689656855549813)
(0.831, 0.8693029388959499)
(0.832, 0.8696398229340103)
(0.833, 0.8699763373322786)
(0.834, 0.8703124817542406)
(0.835, 0.8706482558637515)
(0.836, 0.8709836593250374)
(0.837, 0.8713186918026951)
(0.838, 0.8716533529616917)
(0.839, 0.8719876424673664)
(0.84, 0.8723215599854297)
(0.841, 0.8726551051819639)
(0.842, 0.8729882777234241)
(0.843, 0.8733210772766375)
(0.844, 0.8736535035088049)
(0.845, 0.8739855560874998)
(0.846, 0.8743172346806699)
(0.847, 0.8746485389566365)
(0.848, 0.8749794685840953)
(0.849, 0.8753100232321168)
(0.85, 0.8756402025701463)
(0.851, 0.8759700062680046)
(0.852, 0.8762994339958879)
(0.853, 0.8766284854243687)
(0.854, 0.8769571602243953)
(0.855, 0.8772854580672931)
(0.856, 0.8776133786247643)
(0.857, 0.8779409215688884)
(0.858, 0.8782680865721224)
(0.859, 0.8785948733073012)
(0.86, 0.8789212814476385)
(0.861, 0.8792473106667258)
(0.862, 0.8795729606385341)
(0.863, 0.8798982310374133)
(0.864, 0.8802231215380931)
(0.865, 0.8805476318156831)
(0.866, 0.8808717615456729)
(0.867, 0.8811955104039331)
(0.868, 0.8815188780667146)
(0.869, 0.8818418642106498)
(0.87, 0.8821644685127525)
(0.871, 0.8824866906504186)
(0.872, 0.882808530301426)
(0.873, 0.8831299871439349)
(0.874, 0.8834510608564887)
(0.875, 0.8837717511180134)
(0.876, 0.8840920576078192)
(0.877, 0.8844119800055993)
(0.878, 0.8847315179914315)
(0.879, 0.8850506712457775)
(0.88, 0.8853694394494847)
(0.881, 0.8856878222837843)
(0.882, 0.8860058194302939)
(0.883, 0.8863234305710161)
(0.884, 0.8866406553883401)
(0.885, 0.8869574935650408)
(0.886, 0.8872739447842802)
(0.887, 0.8875900087296071)
(0.888, 0.8879056850849576)
(0.889, 0.8882209735346553)
(0.89, 0.8885358737634119)
(0.891, 0.8888503854563271)
(0.892, 0.8891645082988892)
(0.893, 0.8894782419769754)
(0.894, 0.8897915861768522)
(0.895, 0.8901045405851752)
(0.896, 0.8904171048889901)
(0.897, 0.8907292787757327)
(0.898, 0.8910410619332291)
(0.899, 0.8913524540496961)
(0.9, 0.8916634548137417)
(0.901, 0.8919740639143652)
(0.902, 0.8922842810409573)
(0.903, 0.8925941058833011)
(0.904, 0.8929035381315718)
(0.905, 0.893212577476337)
(0.906, 0.8935212236085576)
(0.907, 0.8938294762195873)
(0.908, 0.8941373350011736)
(0.909, 0.8944447996454579)
(0.91, 0.8947518698449752)
(0.911, 0.8950585452926556)
(0.912, 0.8953648256818237)
(0.913, 0.8956707107061991)
(0.914, 0.8959762000598968)
(0.915, 0.8962812934374272)
(0.916, 0.8965859905336975)
(0.917, 0.8968902910440101)
(0.918, 0.8971941946640647)
(0.919, 0.8974977010899579)
(0.92, 0.897800810018183)
(0.921, 0.8981035211456313)
(0.922, 0.8984058341695916)
(0.923, 0.898707748787751)
(0.924, 0.8990092646981948)
(0.925, 0.8993103815994071)
(0.926, 0.899611099190271)
(0.927, 0.8999114171700693)
(0.928, 0.9002113352384835)
(0.929, 0.9005108530955959)
(0.93, 0.9008099704418886)
(0.931, 0.9011086869782442)
(0.932, 0.9014070024059463)
(0.933, 0.9017049164266795)
(0.934, 0.9020024287425296)
(0.935, 0.9022995390559845)
(0.936, 0.9025962470699339)
(0.937, 0.9028925524876699)
(0.938, 0.9031884550128868)
(0.939, 0.9034839543496823)
(0.94, 0.9037790502025571)
(0.941, 0.9040737422764153)
(0.942, 0.9043680302765651)
(0.943, 0.9046619139087182)
(0.944, 0.9049553928789911)
(0.945, 0.9052484668939048)
(0.946, 0.9055411356603855)
(0.947, 0.9058333988857643)
(0.948, 0.906125256277778)
(0.949, 0.9064167075445693)
(0.95, 0.9067077523946869)
(0.951, 0.906998390537086)
(0.952, 0.9072886216811284)
(0.953, 0.9075784455365832)
(0.954, 0.9078678618136263)
(0.955, 0.9081568702228418)
(0.956, 0.9084454704752208)
(0.957, 0.9087336622821636)
(0.958, 0.909021445355478)
(0.959, 0.9093088194073812)
(0.96, 0.9095957841504991)
(0.961, 0.909882339297867)
(0.962, 0.9101684845629298)
(0.963, 0.9104542196595421)
(0.964, 0.910739544301969)
(0.965, 0.9110244582048859)
(0.966, 0.9113089610833788)
(0.967, 0.9115930526529448)
(0.968, 0.9118767326294925)
(0.969, 0.912160000729342)
(0.97, 0.912442856669225)
(0.971, 0.9127253001662857)
(0.972, 0.9130073309380807)
(0.973, 0.9132889487025792)
(0.974, 0.9135701531781633)
(0.975, 0.9138509440836288)
(0.976, 0.9141313211381847)
(0.977, 0.9144112840614539)
(0.978, 0.9146908325734736)
(0.979, 0.9149699663946953)
(0.98, 0.9152486852459852)
(0.981, 0.9155269888486245)
(0.982, 0.9158048769243095)
(0.983, 0.9160823491951522)
(0.984, 0.9163594053836804)
(0.985, 0.9166360452128379)
(0.986, 0.916912268405985)
(0.987, 0.9171880746868984)
(0.988, 0.9174634637797718)
(0.989, 0.9177384354092164)
(0.99, 0.9180129893002602)
(0.991, 0.9182871251783497)
(0.992, 0.9185608427693488)
(0.993, 0.9188341417995399)
(0.994, 0.9191070219956242)
(0.995, 0.9193794830847215)
(0.996, 0.9196515247943706)
(0.997, 0.9199231468525298)
(0.998, 0.9201943489875772)
(0.999, 0.9204651309283107)
